Script started on 2024-04-02 18:43:09-04:00 [COMMAND="./asn3.sh < mst_graph_medium.txt" TERM="xterm-256color" TTY="/dev/pts/33" COLUMNS="80" LINES="24"]
Current user: amitta6
Current date: Tue Apr  2 06:43:09 PM EDT 2024
Current directory: /home/amitta6/cs3340/asn3
Please enter the following: asn3.sh < file
Adjacency List Representation
Adjacent to 1: 6 (78), 2 (28), 23 (69), 13 (73), 10 (4), 9 (18), 25 (-75), 5 (57), 7 (66), 19 (33), 14 (21), 4 (-65), 20 (42), 21 (58), 16 (21), 17 (75), 
Adjacent to 2: 21 (0), 6 (10), 1 (28), 15 (60), 9 (77), 13 (-57), 14 (10), 5 (46), 4 (64), 17 (62), 24 (31), 10 (11), 16 (59), 20 (75), 12 (21), 
Adjacent to 3: 21 (43), 8 (47), 7 (70), 6 (60), 15 (57), 22 (9), 12 (70), 11 (63), 17 (-55), 19 (22), 16 (70), 9 (10), 5 (25), 23 (33), 14 (34), 
Adjacent to 4: 7 (27), 23 (16), 19 (30), 6 (5), 5 (48), 20 (68), 13 (9), 2 (64), 25 (49), 15 (12), 1 (-65), 24 (72), 
Adjacent to 5: 13 (64), 7 (29), 24 (57), 25 (65), 6 (48), 18 (40), 2 (46), 4 (48), 11 (22), 9 (68), 1 (57), 22 (31), 10 (45), 3 (25), 
Adjacent to 6: 1 (78), 2 (10), 24 (68), 9 (30), 3 (60), 10 (57), 11 (18), 20 (-57), 5 (48), 4 (5), 14 (9), 21 (57), 23 (49), 12 (-8), 18 (8), 
Adjacent to 7: 4 (27), 3 (70), 14 (51), 5 (29), 13 (70), 24 (19), 8 (19), 16 (72), 9 (5), 11 (1), 10 (1), 1 (66), 21 (51), 
Adjacent to 8: 24 (7), 3 (47), 20 (64), 12 (68), 7 (19), 10 (23), 25 (54), 22 (67), 9 (65), 21 (55), 11 (78), 
Adjacent to 9: 19 (7), 6 (30), 11 (20), 21 (29), 20 (14), 7 (5), 2 (77), 10 (38), 1 (18), 17 (40), 3 (10), 5 (68), 8 (65), 16 (69), 14 (10), 
Adjacent to 10: 11 (73), 6 (57), 15 (71), 24 (74), 13 (18), 14 (-38), 8 (23), 1 (4), 9 (38), 23 (76), 20 (30), 19 (60), 16 (8), 2 (11), 7 (1), 5 (45), 
Adjacent to 11: 10 (73), 18 (54), 9 (20), 6 (18), 3 (63), 15 (49), 14 (9), 22 (16), 5 (22), 7 (1), 17 (70), 8 (78), 23 (0), 16 (15), 12 (35), 
Adjacent to 12: 20 (24), 23 (44), 24 (17), 3 (70), 22 (17), 8 (68), 13 (15), 19 (41), 15 (26), 6 (-8), 2 (21), 11 (35), 
Adjacent to 13: 5 (64), 20 (39), 7 (70), 15 (25), 10 (18), 25 (31), 1 (73), 2 (-57), 17 (-49), 12 (15), 21 (77), 4 (9), 14 (23), 24 (34), 18 (30), 23 (17), 19 (31), 16 (67), 
Adjacent to 14: 18 (18), 7 (51), 10 (-38), 25 (37), 19 (46), 2 (10), 11 (9), 24 (78), 13 (23), 15 (25), 6 (9), 1 (21), 9 (10), 21 (-66), 3 (34), 
Adjacent to 15: 20 (45), 19 (3), 10 (71), 3 (57), 2 (60), 13 (25), 17 (67), 11 (49), 18 (49), 14 (25), 16 (10), 12 (26), 4 (12), 21 (29), 22 (71), 24 (37), 
Adjacent to 16: 21 (16), 18 (-7), 24 (32), 23 (54), 7 (72), 19 (68), 20 (51), 3 (70), 10 (8), 15 (10), 13 (67), 2 (59), 9 (69), 11 (15), 1 (21), 
Adjacent to 17: 19 (14), 23 (78), 20 (48), 3 (-55), 22 (48), 15 (67), 13 (-49), 25 (38), 24 (1), 9 (40), 2 (62), 18 (63), 11 (70), 1 (75), 
Adjacent to 18: 19 (32), 14 (18), 20 (71), 16 (-7), 11 (54), 21 (61), 23 (10), 5 (40), 15 (49), 13 (30), 17 (63), 24 (41), 25 (35), 6 (8), 
Adjacent to 19: 18 (32), 17 (14), 9 (7), 15 (3), 4 (30), 22 (23), 3 (22), 14 (46), 12 (41), 16 (68), 20 (41), 10 (60), 13 (31), 1 (33), 
Adjacent to 20: 12 (24), 15 (45), 13 (39), 18 (71), 8 (64), 21 (5), 17 (48), 6 (-57), 23 (28), 9 (14), 22 (52), 16 (51), 19 (41), 4 (68), 10 (30), 24 (15), 2 (75), 1 (42), 
Adjacent to 21: 2 (0), 3 (43), 16 (16), 20 (5), 25 (5), 18 (61), 9 (29), 13 (77), 24 (69), 6 (57), 8 (55), 15 (29), 7 (51), 14 (-66), 1 (58), 
Adjacent to 22: 3 (9), 12 (17), 19 (23), 17 (48), 20 (52), 11 (16), 8 (67), 5 (31), 15 (71), 25 (73), 
Adjacent to 23: 17 (78), 12 (44), 4 (16), 1 (69), 16 (54), 18 (10), 20 (28), 25 (-79), 10 (76), 13 (17), 6 (49), 11 (0), 3 (33), 
Adjacent to 24: 8 (7), 6 (68), 12 (17), 16 (32), 5 (57), 10 (74), 7 (19), 17 (1), 14 (78), 21 (69), 20 (15), 13 (34), 2 (31), 25 (64), 18 (41), 4 (72), 15 (37), 
Adjacent to 25: 5 (65), 21 (5), 13 (31), 8 (54), 14 (37), 17 (38), 23 (-79), 4 (49), 1 (-75), 24 (64), 22 (73), 18 (35), 

Edges in the MST:
(1, 25) with weight -75
(25, 23) with weight -79
(1, 4) with weight -65
(11, 7) with weight 1
(7, 10) with weight 1
(10, 14) with weight -38
(14, 21) with weight -66
(2, 13) with weight -57
(13, 17) with weight -49
(17, 3) with weight -55
(17, 24) with weight 1
(4, 6) with weight 5
(6, 20) with weight -57
(6, 12) with weight -8
(7, 9) with weight 5
(9, 19) with weight 7
(19, 15) with weight 3
(24, 8) with weight 7
(6, 18) with weight 8
(18, 16) with weight -7
(3, 22) with weight 9
(11, 5) with weight 22
Total weight of the MST: -487

Script done on 2024-04-02 18:43:09-04:00 [COMMAND_EXIT_CODE="0"]
